22,0,0,1,0,1,1
10,0,1,0,2
7,0,3,1,3
14,0,4,1,4
9,0,5,1,5
10,0,6,0,7
6,0,8,1,8
9,1,2,2,2
8,1,6,1,7
8,2,0,3,0
13,2,1,3,1,3,2
14,2,3,3,3,3,4
9,2,4,2,5
21,2,6,2,7,2,8
12,3,5,3,6
8,3,7,3,8
45,4,0,4,1,4,2,4,3,4,4,4,5,4,6,4,7,4,8
13,5,0,5,1
9,5,2,5,3
20,5,4,5,5,6,5
12,5,6,5,7,6,7
10,5,8,6,8
11,6,0,6,1,6,2
6,6,3,6,4
11,6,6,7,6
10,7,0,8,0
13,7,1,7,2
10,7,3,8,3
15,7,4,8,4
9,7,5,8,5
15,7,7,7,8,8,8
11,8,1,8,2
5,8,6,8,7
100
6,2,8,4,9,1,7,3,5
9,7,4,3,5,8,6,2,1
1,2,5,6,2,7,4,9,8
7,9,1,5,3,4,8,6,2
4,6,3,8,1,2,5,7,9
5,8,2,7,6,9,3,1,4
3,1,7,2,4,5,9,8,6
8,4,9,1,7,6,2,5,3
2,5,6,9,8,3,1,4,7