15,0,0,0,1,1,1
7,0,2,0,3,0,4
26,0,5,0,6,0,7,0,8,1,8
11,1,0,2,0
14,1,2,1,3
21,1,4,1,5,1,6
7,1,7,2,7
10,2,1,3,1
14,2,2,3,2
9,2,3,2,4
18,2,5,2,6,3,6
8,2,8,3,8,3,7
13,3,0,4,0,5,0
31,3,3,3,4,4,3,4,4,5,3,5,4
21,3,5,4,5,5,5,4,6
12,4,1,4,2
14,4,7,4,8
5,5,1,6,1
9,5,2,6,2
10,5,6,6,6,6,5
20,5,7,5,8,6,8
12,6,0,7,0
5,6,3,6,4
11,6,7,7,7
15,7,1,8,1,8,0
8,7,2,7,3
14,7,4,7,5,7,6
21,7,8,8,8,8,7,8,6,8,5
24,8,2,8,3,8,4
100
8,5,1,4,2,3,6,7,9
4,2,9,5,7,6,8,3,1
7,3,6,8,1,9,5,4,2
6,7,8,3,9,2,4,1,5
2,9,3,1,5,4,7,8,6
5,1,4,7,6,8,2,9,3
9,4,5,2,3,7,1,6,8
3,8,2,6,4,1,9,5,7
1,6,7,9,8,5,3,2,4