21,0,0,1,0,1,1
4,0,1,0,2
19,0,3,0,4,0,5
8,0,6,0,7
10,0,8,1,8,1,7
37,1,2,1,3,2,2,2,3,3,2,3,3
5,1,4,2,4
34,1,5,1,6,2,5,2,6,3,5,3,6
9,2,0,3,0
10,2,1,3,1
5,2,7,3,7
17,2,8,3,8
25,3,4,4,4,4,3,5,3,4,5,5,5
15,4,0,4,1,4,2
16,4,6,4,7,4,8
3,5,0,6,0
13,5,1,5,2
15,5,4,6,4
8,5,6,5,7
8,5,8,6,8
15,6,1,7,1
10,6,2,6,3
8,6,5,6,6
12,6,7,7,7
12,7,0,8,0,8,1
3,7,2,7,3
36,7,4,8,2,8,3,8,4,8,5,8,6
12,7,8,8,8,8,7
100
9,1,3,7,8,4,2,6,5
7,5,2,6,3,9,8,1,4
6,4,8,5,2,1,7,3,9
3,6,7,9,1,5,4,2,8
8,2,5,3,4,7,1,9,6
1,9,4,8,6,2,3,5,7
2,7,6,4,9,3,5,8,1
5,8,1,2,7,6,9,4,3
4,3,9,1,5,8,6,7,2