45,0,0,0,1,0,2,0,3,0,4,0,5,0,6,0,7,0,8,0,9
19,1,0,2,0,3,0,4,0
11,1,1,2,1,2,2
6,1,2,1,3
21,1,4,2,3,2,4,2,5
16,1,5,1,6
12,1,7,2,7,2,6
19,1,8,2,8,3,8,4,8
27,3,1,4,1,5,1,6,1
13,3,2,3,3
3,3,4,4,4
10,3,5,3,6
21,3,7,4,7,5,7,6,7
9,4,2,5,2
11,4,3,5,3
14,4,5,5,5
6,4,6,5,6
5,5,0,6,0
26,5,4,6,3,6,4,6,5
16,5,8,6,8
11,6,2,7,2
5,6,6,7,6
13,7,0,8,0
12,7,1,8,1
8,7,3,7,4,7,5
15,7,7,7,8
6,7,8,8,8
25,8,2,8,3,8,4,8,5,8,6
100
8,2,6,9,5,1,7,3,4
5,3,4,2,6,7,9,1,8
9,1,7,3,8,4,6,5,2
2,9,5,8,1,6,4,7,3
3,7,1,4,2,9,5,8,6
4,6,8,7,3,5,1,2,9
1,5,2,6,9,8,3,4,7
7,8,9,1,4,3,2,6,5
6,4,3,5,7,2,8,9,1