13,0,0,0,1
6,0,2,0,3,0,4
10,0,5,1,5
15,0,6,1,6
13,0,7,0,8
14,1,0,1,1,1,2,1,3
17,1,4,2,4
10,1,7,2,7,3,7
9,1,8,2,8
24,2,0,3,0,4,0,5,0,6,0
21,2,1,3,1,3,2
11,2,2,2,3
14,2,5,3,5
5,2,6,3,6
30,3,3,3,4,4,3,4,4,5,3,5,4
30,3,8,4,8,5,8,4,5,4,6,4,7
12,5,1,5,2,6,1
10,5,5,6,5
11,5,6,6,6
11,5,7,6,7,7,7
17,6,2,6,3
10,6,4,7,4
11,6,8,7,8
22,7,0,7,1,7,2,7,3
9,7,5,8,5
6,7,6,8,6
9,8,0,8,1
11,8,2,8,3,8,4
16,8,7,8,8
100
9,4,3,1,2,7,6,8,5
2,5,1,6,8,3,9,4,7
6,8,7,4,9,5,3,1,2
8,7,6,3,1,9,2,5,4
4,3,5,7,6,2,8,9,1
1,2,9,8,5,4,7,3,6
5,1,8,9,7,6,4,2,3
7,9,4,2,3,1,5,6,8
3,6,2,5,4,8,1,7,9