9,0,0,1,0
12,0,1,1,1
17,0,2,0,3,0,4
6,0,5,0,6,0,7
14,0,8,1,8,2,8
13,1,2,1,3
14,1,4,2,4
8,1,5,1,6
15,1,7,2,7,3,7
7,2,0,2,1
13,2,2,2,3,3,3
23,2,5,2,6,3,5,3,6
12,3,0,3,1
16,3,2,4,2,4,3
12,3,4,4,4,5,4
22,3,8,4,8,4,7
17,5,1,6,1,7,1
20,5,2,5,3,6,2,6,3
18,5,5,6,5,6,6
6,5,7,5,8
23,6,0,7,0,8,0
13,6,4,7,4
10,6,7,6,8
6,7,2,7,3
11,7,5,7,6
12,7,7,8,7
10,7,8,8,8
12,8,1,8,2,8,3
11,8,4,8,5,8,6
100
7,9,8,4,5,3,2,1,6
2,3,4,9,6,1,7,8,5
1,6,5,7,8,2,9,4,3
5,7,6,1,2,4,8,3,9
4,1,2,8,3,9,5,6,7
3,8,9,6,7,5,1,2,4
8,5,3,2,4,7,6,9,1
6,4,1,5,9,8,3,7,2
9,2,7,3,1,6,4,5,8