6,0,0,0,1
21,0,2,1,2,1,1,2,1
11,0,3,0,4
16,0,5,0,6,1,6
13,0,7,0,8
26,1,0,2,0,3,0,4,0
26,1,3,2,3,3,3,4,3,5,3
10,1,4,1,5
7,1,7,1,8
4,2,2,3,2
18,2,4,2,5,2,6
14,2,7,3,7
3,2,8,3,8
22,3,1,4,1,4,2,5,2
10,3,4,4,4,5,4
23,3,5,4,5,5,5,6,5,7,5
21,3,6,4,6,4,7,5,7
25,4,8,5,8,6,8,7,8
4,5,0,6,0
14,5,1,6,1
3,5,6,6,6
24,6,2,6,3,6,4
29,6,7,7,7,7,6,8,6
11,7,0,7,1
17,7,2,8,2,8,3
3,7,3,7,4
7,8,0,8,1
13,8,4,8,5
4,8,7,8,8
100
5,1,2,3,8,7,6,4,9
9,7,8,1,6,4,3,2,5
6,4,3,5,9,2,7,8,1
4,9,1,7,3,8,5,6,2
7,2,6,9,5,1,4,3,8
3,8,5,4,2,6,1,9,7
1,6,9,8,7,3,2,5,4
8,3,4,2,1,5,9,7,6
2,5,7,6,4,9,8,1,3