7,0,0,1,0
15,0,1,0,2
15,0,3,0,4,1,4
10,0,5,1,5
8,0,6,0,7
12,0,8,1,8
7,1,1,1,2
13,1,3,2,3
25,1,6,1,7,2,7,3,7
17,2,0,3,0
4,2,1,3,1
9,2,2,3,2,4,2
7,2,4,2,5
19,2,6,3,6,3,5,3,4
14,2,8,3,8
11,4,0,4,1
13,4,3,4,4,4,5
19,4,6,5,6,6,6
12,4,7,4,8
8,5,0,6,0
27,5,1,6,1,7,1,7,2
30,5,2,6,2,5,3,5,4,5,5
11,5,7,6,7
3,5,8,6,8
10,6,3,6,4
6,6,5,7,5
7,7,0,8,0
17,7,3,8,3
12,7,4,8,4,8,5
5,7,6,7,7
12,7,8,8,8
9,8,1,8,2
11,8,6,8,7
100
5,7,8,4,3,1,6,2,9
2,6,1,7,8,9,5,4,3
9,3,4,6,2,5,1,7,8
8,1,3,5,4,7,2,9,6
6,5,2,1,9,3,7,8,4
7,4,9,2,6,8,3,5,1
1,8,5,3,7,4,9,6,2
3,9,6,8,5,2,4,1,7
4,2,7,9,1,6,8,3,5