13,0,0,1,0
14,0,1,1,1,1,2
10,0,2,0,3,1,3
17,0,4,1,4,2,4
17,0,5,0,6
31,0,7,0,8,1,7,1,8,2,6,2,7
6,1,5,1,6
20,2,0,2,1,2,2,3,2
12,2,3,3,3
11,2,5,3,5
20,2,8,3,8,4,8,5,8
11,3,0,4,0,5,0,6,0
27,3,1,4,1,5,1,5,2
28,3,4,4,2,4,3,4,4,4,5,4,6,5,4
21,3,6,3,7,4,7,5,7
15,5,3,6,3
3,5,5,6,5
24,5,6,6,6,6,7,6,8
23,6,1,6,2,7,0,7,1,8,0,8,1
20,6,4,7,4,8,4
11,7,2,7,3
16,7,5,8,5,8,6
7,7,6,7,7,8,7
16,7,8,8,8
12,8,2,8,3
100
4,5,3,1,7,9,8,6,2
9,7,2,6,8,5,1,3,4
8,6,1,3,2,4,9,7,5
2,8,5,9,1,7,3,4,6
1,4,7,5,3,6,2,9,8
3,9,6,8,4,2,7,5,1
5,2,4,7,9,1,6,8,3
6,3,9,2,5,8,4,1,7
7,1,8,4,6,3,5,2,9