15,0,0,0,1
11,0,2,1,1,1,2
10,0,3,0,4,0,5
15,0,6,0,7
10,0,8,1,7,1,8,2,7
7,1,0,2,0
17,1,3,1,4,1,5
15,1,6,2,6
17,2,1,3,1
16,2,2,3,2,3,3
14,2,3,2,4
21,2,5,3,5,4,5,4,6
8,2,8,3,8
26,3,0,4,0,4,1,5,1,5,2
14,3,4,4,4,5,4
28,3,6,3,7,4,7,4,8,5,8
19,4,2,4,3,5,3,6,3
10,5,0,6,0
17,5,5,5,6,6,6
7,5,7,6,7
19,6,1,7,1,7,0,8,0
14,6,2,7,2
4,6,4,6,5
10,6,8,7,8
11,7,3,7,4,7,5
11,7,6,7,7,8,6
5,8,1,8,2
21,8,3,8,4,8,5
13,8,7,8,8
100
8,7,4,3,5,2,6,9,1
6,2,5,1,7,9,8,3,4
1,9,3,8,6,4,7,2,5
4,8,7,6,9,1,2,5,3
2,5,1,4,3,7,9,8,6
3,6,9,5,2,8,4,1,7
7,4,8,9,1,3,5,6,2
9,1,6,2,4,5,3,7,8
5,3,2,7,6,8,1,4,9
